mesh 2 10 10 4 3 1 2 3 4
#line 13.3333 13.3333 39.3955 18.5295 5
#line 23.3333 18.3333 20.3333 23.5295 5
#line 43.3333 38.3333 40.3333 43.5295 5
#line 38.3333 18.3333 44.3955 21.8333 5
#line 13.3333 38.3333 19.3955 41.8333 5
#line 28.3333 8.33333 34.3955 11.8333 5
#line 33,3333 8.33333 39.3955 11.8333 5
#ellipse 28 28 15 15 0 5 6
#ellipse 8 8 15 15 10 5 6
#ellipse 57 57 5 15 30 5 6
#ellipse 58 8 15 5 20 5 6
#line 25.3176342306 24.5527039361 13.4075302164 22.5341441262
#line 21.4345586153 5.55449527313 30.4875843794 6.49153919636
line 14.4731238539 5.40788768631 14.5039067593 6.42577983627
line 1.67623767722 15.4615076776 34.334839198 27.6736810689
line 21.686854449 25.5408615226 35.6532672942 21.3542731202
line 35.6674652221 10.5868526657 8.60577690105 1.51621213884
line 11.6181060797 21.424238625 11.5052136646 10.3909054229
line 10.4314110826 22.6126995534 9.42085011206 28.6210446796
line 27.471701525 19.6060229526 21.5720105568 10.4330966142

